 34.18
 42.85
 24.80
 32.50
 40.07
 31.21
 30.24
 23.15
 46.30
 31.72
 46.18
 43.29
 46.12
 33.15
 25.37
 36.66
 29.57
 39.09
 35.47
 33.00
 20.92
 23.50
 42.55
 42.68
 30.55
 45.07
 32.42
 23.33
 31.25
 45.01
 40.02
 20.92
 25.73
 46.14
 22.87
 47.51
 38.32
 45.10
 21.63
 26.29
 47.37
 33.47
 48.49
 38.34
 41.22
 36.63
 22.54
 27.24
 36.96
 23.30
 20.35
 31.12
 33.17
 44.72
 40.52
 43.89
 40.46
 36.74
 47.88
 36.75
 25.59
 44.93
 46.66
 46.24
 32.66
 20.47
 43.28
 20.58
 25.69
 47.37
 42.46
 37.32
 28.28
 26.08
 36.45
 23.77
 34.02
 24.77
 21.68
 28.08
 42.64
 45.00
 32.84
 36.33
 20.25
 27.44
 21.39
 24.40
 22.99
 34.43
 22.92
 21.11
 45.20
 23.66
 48.11
 37.41
 23.88
 38.61
 34.21
 31.22
 37.62
 26.07
 48.93
 20.02
 37.10
 27.26
 36.92
 22.89
 46.56
 27.94
 47.11
 45.55
 25.10
 37.19
 43.71
 45.58
 28.15
 34.42
 46.40
 36.55
 47.02
 21.36
 26.22
 48.96
 31.11
 46.20
 41.20
 41.38
 25.55
 34.75
 32.20
 32.03
 28.43
 34.21
 41.31
 33.19
 44.33
 31.08
 24.54
 20.37
 41.96
 38.18
 27.71
 40.25
 42.73
 30.05
 43.45
 31.59
 24.85
 36.23
 23.90
 31.77
 44.01
 30.58
 24.55
 22.23
 47.09
 22.86
 39.47
 34.73
 30.36
 38.52
 33.83
 48.63
 31.63
 44.03
 27.13
 36.38
 35.27
 33.49
 34.44
 40.77
 35.76
 32.05
 30.26
 46.34
 45.19
 25.92
 47.97
 44.96
 20.78
 44.62
 38.72
 32.48
 34.48
 43.60
 42.66
 29.81
 32.13
 40.18
 34.55
 32.09
 30.12
 39.12
 48.66
 38.92
 37.50
 40.42
 20.67
 21.90
 22.61
 36.03
 21.27
 31.32
 40.58
 29.62
 35.92
 37.08
 40.12
 26.73
 24.77
 33.52
 22.53
 21.10
 21.78
 21.22
 42.76
 41.30
 40.40
 45.52
 24.21
 32.10
 22.81
 27.83
 26.51
 30.82
 43.42
 20.54
 22.92
 34.73
 20.66
 38.09
 37.27
 27.92
 44.40
 41.97
 47.03
 44.80
 42.99
 29.68
 35.01
 39.51
 29.16
 45.88
 22.78
 24.83
 35.85
 39.98
 47.91
 33.02
 29.05
 39.25
 43.32
 38.41
 39.28
 31.99
 20.13
 36.64
 38.42
 31.59
 46.44
 27.71
 24.24
 45.79
 39.54
 33.28
 25.45
 35.64
 40.78
 42.91
 32.01
 23.34
 44.39
 31.26
 28.87
 36.35
 26.53
 48.71
 46.72
 35.90
 29.00
 35.02
 21.00
 37.35
 39.70
 35.37
 24.78
 26.51
 35.81
 23.31
 37.23
 40.58
 31.58
 37.76
 48.16
 43.13
 40.39
 20.65
 35.03
 24.78
 27.00
 21.42
 24.94
 31.55
 46.25
 36.01
 25.83
 24.97
 26.48
 36.76
 20.50
 33.09
 46.56
 27.09
 44.56
 45.30
 23.34
 34.70
 48.32
 44.59
 39.10
 26.49
 21.65
 37.68
 21.42
 20.40
 41.28
 23.48
 27.09
 22.76
 35.69
 41.12
 32.97
 40.04
 35.75
 34.70
 32.70
 37.15
 40.21
 32.89
 43.78
 24.70
 28.20
 21.77
 41.34
 32.43
 21.11
 35.62
 26.77
 44.68
 43.78
 25.47
 34.14
 22.21
 40.83
 46.16
 34.43
 27.03
 36.22
 27.76
 41.09
 31.58
 38.24
 25.77
 30.97
 26.03
 28.19
 26.82
 38.86
 31.01
 43.78
 24.95
 30.99
 26.85
 38.58
 28.64
 46.24
 30.79
 26.48
 30.03
 46.05
 38.65
 46.75
 24.31
 23.60
 37.55
 46.76
 25.13
 43.52
 22.90
 47.40
 29.88
 31.06
 45.53
 33.16
 45.40
 42.40
 21.70
 25.75
 40.73
 34.07
 39.70
 45.39
 33.53
 43.20
 46.20
 37.24
 20.54
 28.56
 23.92
 37.52
 43.84
 47.04
 46.61
 32.74
 23.37
 34.06
 36.66
 26.91
 40.51
 20.37
 31.35
 34.19
 32.54
 32.32
 37.04
 45.40
 22.87
 46.18
 33.24
 26.04
 35.30
 23.27
 44.17
 38.87
 28.64
 39.57
 33.79
 36.94
 47.28
 29.50
 21.12
 34.01
 37.62
 36.88
 22.20
 23.54
 40.49
 32.50
 45.89
 28.17
 37.25
 45.00
 24.29
 45.38
 25.22
 34.36
 43.28
 22.36
 25.96
 39.39
 31.75
 38.21
 22.00
 39.67
 40.56
 44.98
 27.27
 39.94
 29.35
 37.20
 43.80
 20.85
 32.20
 20.77
 21.11
 26.78
 35.83
 26.89
 41.78
 24.11
 25.30
 43.03
 24.78
 45.59
 22.94
 22.94
 36.39
 29.77
 32.24
 48.11
 41.39
 47.13
 48.58
 40.81
 24.76
 28.69
 45.75
 44.79
 35.97
 27.86
 48.09
 20.13
 45.52
 29.99
 38.60
 28.02
 48.38
 31.02
 40.14
 41.37
 35.50
 41.30
 37.32
 48.03
 37.75
 38.58
 31.81
 47.90
 48.09
 41.28
 36.90
 42.92
 46.17
 23.66
 45.83
 33.74
 47.02
 29.09
 23.24
 36.23
 29.73
 34.70
 32.88
 40.54
 33.98
 40.12
 29.77
 32.01
 46.20
 44.22
 48.64
 39.56
 28.31
 24.05
 45.75
 20.42
 45.98
 27.92
 37.95
 42.65
 33.59
 40.16
 35.85
 20.99
 28.05
 21.82
 26.15
 39.59
 46.00
 42.42
 48.16
 39.86
 25.04
 28.18
 45.56
 33.24
 21.72
 42.71
 46.84
 27.86
 26.77
 25.80
 31.65
 45.42
 46.68
 26.39
 40.93
 20.10
 45.72
 27.73
 46.41
 31.34
 31.47
 45.79
 43.98
 36.40
 42.34
 21.58
 33.82
 25.11
 30.34
 25.64
 44.66
 24.95
 44.24
 40.01
 30.58
 33.65
 28.41
 39.27
 30.48
 22.72
 46.55
 36.80
 22.49
 44.95
 20.57
 24.20
 27.19
 46.78
 42.08
 34.06
 36.01
 30.62
 23.81
 29.53
 36.52
 20.44
 43.98
 27.04
 47.04
 33.03
 48.83
 36.08
 23.45
 45.77
 29.14
 39.83
 20.87
 28.62
 35.19
 21.28
 24.07
 36.10
 27.47
 35.87
 27.86
 20.09
 22.41
 20.29
 46.58
 20.45
 38.74
 32.97
 38.29
 34.58
 24.76
 28.82
 25.33
 32.03
 45.73
 25.46
 22.44
 31.06
 41.55
 35.59
 36.67
 37.19
 22.82
 48.47
 31.90
 46.56
 33.34
 44.47
 36.05
 20.52
 20.31
 30.50
 32.53
 47.89
 20.24
 40.66
 35.82
 30.02
 34.98
 44.87
 20.76
 35.98
 31.19
 36.52
 26.38
 22.48
 22.80
 40.70
 33.93
 29.15
 46.13
 20.95
 23.90
 23.41
 39.78
 26.32
 21.09
 22.71
 22.15
 20.25
 25.63
 21.34
 40.37
 32.56
 40.31
 29.86
 44.17
 22.02
 38.49
 38.29
 29.84
 31.10
 38.39
 25.74
 38.80
 42.53
 34.56
 42.50
 27.56
 48.82
 41.71
 30.06
 34.34
 45.52
 42.58
 44.09
 30.23
 30.09
 28.40
 48.79
 43.01
 36.46
 40.61
 24.94
 26.38
 21.06
 35.13
 37.67
 41.07
 25.62
 47.49
 29.08
 33.62
 39.69
 44.35
 28.56
 36.31
 24.62
 34.64
 21.45
 21.62
 46.02
 45.61
 45.08
 45.88
 45.19
 41.50
 29.61
 25.73
 28.70
 34.19
 20.80
 46.81
 47.35
 43.57
 46.01
 38.63
 28.13
 36.55
 28.01
 26.52
 23.29
 28.73
 45.71
 28.58
 39.53
 26.99
 30.00
 35.95
 33.58
 48.58
 46.78
 34.09
 36.70
 42.56
 30.10
 39.47
 48.52
 47.70
 31.64
 31.00
 45.52
 27.34
 48.10
 29.60
 34.79
 35.22
 48.22
 29.41
 29.31
 46.39
 28.78
 40.96
 38.68
 39.13
 33.67
 23.94
 22.58
 38.04
 26.60
 24.25
 24.50
 45.03
 41.84
 37.10
 28.90
 20.48
 31.86
 41.17
 46.17
 41.50
 25.94
 39.04
 46.80
 22.61
 28.79
 30.40
 31.79
 40.10
 46.08
 26.67
 44.04
 31.65
 42.44
 26.16
 34.84
 32.76
 38.52
 31.05
 26.54
 25.17
 25.38
 36.02
 43.45
 30.12
 30.84
 31.62
 36.91
 46.28
 22.47
 38.89
 41.54
 41.86
 41.44
 24.46
 40.37
 27.22
 44.25
 20.36
 37.16
 41.41
 40.06
 34.89
 40.43
 30.71
 43.70
 27.92
 41.04
 22.36
 34.10
 45.93
 48.60
 48.66
 21.56
 32.62
 44.26
 29.42
 34.08
 24.44
 33.15
 42.14
 31.22
 29.27
 21.73
 24.94
 35.51
 31.07
 36.58
 43.75
 36.01
 31.15
 24.55
 39.19
 45.94
 30.27
 21.26
 34.72
 42.41
 28.96
 25.72
 44.98
 47.96
 38.92
 24.56
 41.40
 41.49
 48.43
 31.68
 48.28
 28.48
 41.52
 23.32
 33.11
 22.55
 42.69
 22.64
 23.95
 37.54
 34.76
 45.48
 22.25
 40.82
 29.56
 45.64
 28.71
 44.44
 21.12
 30.23
 21.29
 37.71
 21.16
 37.86
 47.98
 33.03
 38.70
 47.12
 40.16
 47.90
 25.61
 37.71
 39.30
 31.29
 32.44
 41.78
 24.86
 42.37
 30.62
 27.45
 33.20
 38.72
 45.55
 23.31
 22.55
 26.98
 31.38
 21.63
 44.07
 25.10
 28.53
 20.51
 24.44
 37.39
 26.98
 36.51
 43.22
 36.55
 20.47
 40.47
 47.03
 26.33
 33.12
 47.19
 22.08
 46.10
 43.27
 38.17
 33.75
 23.57
 21.17
 46.26
 35.45
 34.14
 42.94
 29.17
 35.94
 27.97
 48.56
 34.98
 35.17
 37.36
 45.26
 20.45
 37.70
 26.61
 41.12
 46.53
 36.52
 28.25
 33.45
 22.09
 43.18
 20.87
 28.97
